x1 = -0.000523
x2 = -11.857562
