x1 = 1.182417
x2 = -1.403660
