x1 = -0.293786
x2 = -2.457218
