x1 = -0.208712
x2 = -4.791288
