x1 = -3.780107
x2 = 1.656030
