x1 = 4.295100
x2 = -4.295100
